// Pre-computed 32x32 rotation matrices for TurboQuant (group_size=32, seed=42)

static const float TURBO_ROTATION_R_32[1024] = {
    -1.76776695e-01f, 1.76776695e-01f, -1.76776695e-01f, -1.76776695e-01f, -1.76776695e-01f, 1.76776695e-01f, -1.76776695e-01f, -1.76776695e-01f, -1.76776695e-01f, 1.76776695e-01f, -1.76776695e-01f, -1.76776695e-01f, -1.76776695e-01f, -1.76776695e-01f, 1.76776695e-01f, -1.76776695e-01f, 1.76776695e-01f, 1.76776695e-01f, 1.76776695e-01f, -1.76776695e-01f, 1.76776695e-01f, -1.76776695e-01f, 1.76776695e-01f, 1.76776695e-01f, 1.76776695e-01f, 1.76776695e-01f, 1.76776695e-01f, 1.76776695e-01f, 1.76776695e-01f, 1.76776695e-01f, -1.76776695e-01f, -1.76776695e-01f,
    -1.76776695e-01f, -1.76776695e-01f, -1.76776695e-01f, 1.76776695e-01f, -1.76776695e-01f, -1.76776695e-01f, -1.76776695e-01f, 1.76776695e-01f, -1.76776695e-01f, -1.76776695e-01f, -1.76776695e-01f, 1.76776695e-01f, -1.76776695e-01f, 1.76776695e-01f, 1.76776695e-01f, 1.76776695e-01f, 1.76776695e-01f, -1.76776695e-01f, 1.76776695e-01f, 1.76776695e-01f, 1.76776695e-01f, 1.76776695e-01f, 1.76776695e-01f, -1.76776695e-01f, 1.76776695e-01f, -1.76776695e-01f, 1.76776695e-01f, -1.76776695e-01f, 1.76776695e-01f, -1.76776695e-01f, -1.76776695e-01f, 1.76776695e-01f,
    -1.76776695e-01f, 1.76776695e-01f, 1.76776695e-01f, 1.76776695e-01f, -1.76776695e-01f, 1.76776695e-01f, 1.76776695e-01f, 1.76776695e-01f, -1.76776695e-01f, 1.76776695e-01f, 1.76776695e-01f, 1.76776695e-01f, -1.76776695e-01f, -1.76776695e-01f, -1.76776695e-01f, 1.76776695e-01f, 1.76776695e-01f, 1.76776695e-01f, -1.76776695e-01f, 1.76776695e-01f, 1.76776695e-01f, -1.76776695e-01f, -1.76776695e-01f, -1.76776695e-01f, 1.76776695e-01f, 1.76776695e-01f, -1.76776695e-01f, -1.76776695e-01f, 1.76776695e-01f, 1.76776695e-01f, 1.76776695e-01f, 1.76776695e-01f,
    1.76776695e-01f, 1.76776695e-01f, -1.76776695e-01f, 1.76776695e-01f, 1.76776695e-01f, 1.76776695e-01f, -1.76776695e-01f, 1.76776695e-01f, 1.76776695e-01f, 1.76776695e-01f, -1.76776695e-01f, 1.76776695e-01f, 1.76776695e-01f, -1.76776695e-01f, 1.76776695e-01f, 1.76776695e-01f, -1.76776695e-01f, 1.76776695e-01f, 1.76776695e-01f, 1.76776695e-01f, -1.76776695e-01f, -1.76776695e-01f, 1.76776695e-01f, -1.76776695e-01f, -1.76776695e-01f, 1.76776695e-01f, 1.76776695e-01f, -1.76776695e-01f, -1.76776695e-01f, 1.76776695e-01f, -1.76776695e-01f, 1.76776695e-01f,
    -1.76776695e-01f, 1.76776695e-01f, -1.76776695e-01f, -1.76776695e-01f, 1.76776695e-01f, -1.76776695e-01f, 1.76776695e-01f, 1.76776695e-01f, -1.76776695e-01f, 1.76776695e-01f, -1.76776695e-01f, -1.76776695e-01f, 1.76776695e-01f, 1.76776695e-01f, -1.76776695e-01f, 1.76776695e-01f, 1.76776695e-01f, 1.76776695e-01f, 1.76776695e-01f, -1.76776695e-01f, -1.76776695e-01f, 1.76776695e-01f, -1.76776695e-01f, -1.76776695e-01f, 1.76776695e-01f, 1.76776695e-01f, 1.76776695e-01f, 1.76776695e-01f, -1.76776695e-01f, -1.76776695e-01f, 1.76776695e-01f, 1.76776695e-01f,
    1.76776695e-01f, 1.76776695e-01f, 1.76776695e-01f, -1.76776695e-01f, -1.76776695e-01f, -1.76776695e-01f, -1.76776695e-01f, 1.76776695e-01f, 1.76776695e-01f, 1.76776695e-01f, 1.76776695e-01f, -1.76776695e-01f, -1.76776695e-01f, 1.76776695e-01f, 1.76776695e-01f, 1.76776695e-01f, -1.76776695e-01f, 1.76776695e-01f, -1.76776695e-01f, -1.76776695e-01f, 1.76776695e-01f, 1.76776695e-01f, 1.76776695e-01f, -1.76776695e-01f, -1.76776695e-01f, 1.76776695e-01f, -1.76776695e-01f, 1.76776695e-01f, 1.76776695e-01f, -1.76776695e-01f, -1.76776695e-01f, 1.76776695e-01f,
    1.76776695e-01f, -1.76776695e-01f, -1.76776695e-01f, -1.76776695e-01f, -1.76776695e-01f, 1.76776695e-01f, 1.76776695e-01f, 1.76776695e-01f, 1.76776695e-01f, -1.76776695e-01f, -1.76776695e-01f, -1.76776695e-01f, -1.76776695e-01f, -1.76776695e-01f, -1.76776695e-01f, 1.76776695e-01f, -1.76776695e-01f, -1.76776695e-01f, 1.76776695e-01f, -1.76776695e-01f, 1.76776695e-01f, -1.76776695e-01f, -1.76776695e-01f, -1.76776695e-01f, -1.76776695e-01f, -1.76776695e-01f, 1.76776695e-01f, 1.76776695e-01f, 1.76776695e-01f, 1.76776695e-01f, 1.76776695e-01f, 1.76776695e-01f,
    1.76776695e-01f, 1.76776695e-01f, -1.76776695e-01f, 1.76776695e-01f, -1.76776695e-01f, -1.76776695e-01f, 1.76776695e-01f, -1.76776695e-01f, 1.76776695e-01f, 1.76776695e-01f, -1.76776695e-01f, 1.76776695e-01f, -1.76776695e-01f, 1.76776695e-01f, -1.76776695e-01f, -1.76776695e-01f, -1.76776695e-01f, 1.76776695e-01f, 1.76776695e-01f, 1.76776695e-01f, 1.76776695e-01f, 1.76776695e-01f, -1.76776695e-01f, 1.76776695e-01f, -1.76776695e-01f, 1.76776695e-01f, 1.76776695e-01f, -1.76776695e-01f, 1.76776695e-01f, -1.76776695e-01f, 1.76776695e-01f, -1.76776695e-01f,
    1.76776695e-01f, -1.76776695e-01f, 1.76776695e-01f, 1.76776695e-01f, 1.76776695e-01f, -1.76776695e-01f, 1.76776695e-01f, 1.76776695e-01f, -1.76776695e-01f, 1.76776695e-01f, -1.76776695e-01f, -1.76776695e-01f, -1.76776695e-01f, -1.76776695e-01f, 1.76776695e-01f, -1.76776695e-01f, -1.76776695e-01f, -1.76776695e-01f, -1.76776695e-01f, 1.76776695e-01f, -1.76776695e-01f, 1.76776695e-01f, -1.76776695e-01f, -1.76776695e-01f, 1.76776695e-01f, 1.76776695e-01f, 1.76776695e-01f, 1.76776695e-01f, 1.76776695e-01f, 1.76776695e-01f, -1.76776695e-01f, -1.76776695e-01f,
    1.76776695e-01f, 1.76776695e-01f, 1.76776695e-01f, -1.76776695e-01f, 1.76776695e-01f, 1.76776695e-01f, 1.76776695e-01f, -1.76776695e-01f, -1.76776695e-01f, -1.76776695e-01f, -1.76776695e-01f, 1.76776695e-01f, -1.76776695e-01f, 1.76776695e-01f, 1.76776695e-01f, 1.76776695e-01f, -1.76776695e-01f, 1.76776695e-01f, -1.76776695e-01f, -1.76776695e-01f, -1.76776695e-01f, -1.76776695e-01f, -1.76776695e-01f, 1.76776695e-01f, 1.76776695e-01f, -1.76776695e-01f, 1.76776695e-01f, -1.76776695e-01f, 1.76776695e-01f, -1.76776695e-01f, -1.76776695e-01f, 1.76776695e-01f,
    -1.76776695e-01f, 1.76776695e-01f, 1.76776695e-01f, 1.76776695e-01f, -1.76776695e-01f, 1.76776695e-01f, 1.76776695e-01f, 1.76776695e-01f, 1.76776695e-01f, -1.76776695e-01f, -1.76776695e-01f, -1.76776695e-01f, 1.76776695e-01f, 1.76776695e-01f, 1.76776695e-01f, -1.76776695e-01f, 1.76776695e-01f, 1.76776695e-01f, -1.76776695e-01f, 1.76776695e-01f, 1.76776695e-01f, -1.76776695e-01f, -1.76776695e-01f, -1.76776695e-01f, -1.76776695e-01f, -1.76776695e-01f, 1.76776695e-01f, 1.76776695e-01f, -1.76776695e-01f, -1.76776695e-01f, -1.76776695e-01f, -1.76776695e-01f,
    -1.76776695e-01f, -1.76776695e-01f, 1.76776695e-01f, -1.76776695e-01f, -1.76776695e-01f, -1.76776695e-01f, 1.76776695e-01f, -1.76776695e-01f, 1.76776695e-01f, 1.76776695e-01f, -1.76776695e-01f, 1.76776695e-01f, 1.76776695e-01f, -1.76776695e-01f, 1.76776695e-01f, 1.76776695e-01f, 1.76776695e-01f, -1.76776695e-01f, -1.76776695e-01f, -1.76776695e-01f, 1.76776695e-01f, 1.76776695e-01f, -1.76776695e-01f, 1.76776695e-01f, -1.76776695e-01f, 1.76776695e-01f, 1.76776695e-01f, -1.76776695e-01f, -1.76776695e-01f, 1.76776695e-01f, -1.76776695e-01f, 1.76776695e-01f,
    -1.76776695e-01f, 1.76776695e-01f, -1.76776695e-01f, -1.76776695e-01f, 1.76776695e-01f, -1.76776695e-01f, 1.76776695e-01f, 1.76776695e-01f, 1.76776695e-01f, -1.76776695e-01f, 1.76776695e-01f, 1.76776695e-01f, -1.76776695e-01f, -1.76776695e-01f, 1.76776695e-01f, -1.76776695e-01f, 1.76776695e-01f, 1.76776695e-01f, 1.76776695e-01f, -1.76776695e-01f, -1.76776695e-01f, 1.76776695e-01f, -1.76776695e-01f, -1.76776695e-01f, -1.76776695e-01f, -1.76776695e-01f, -1.76776695e-01f, -1.76776695e-01f, 1.76776695e-01f, 1.76776695e-01f, -1.76776695e-01f, -1.76776695e-01f,
    -1.76776695e-01f, -1.76776695e-01f, -1.76776695e-01f, 1.76776695e-01f, 1.76776695e-01f, 1.76776695e-01f, 1.76776695e-01f, -1.76776695e-01f, 1.76776695e-01f, 1.76776695e-01f, 1.76776695e-01f, -1.76776695e-01f, -1.76776695e-01f, 1.76776695e-01f, 1.76776695e-01f, 1.76776695e-01f, 1.76776695e-01f, -1.76776695e-01f, 1.76776695e-01f, 1.76776695e-01f, -1.76776695e-01f, -1.76776695e-01f, -1.76776695e-01f, 1.76776695e-01f, -1.76776695e-01f, 1.76776695e-01f, -1.76776695e-01f, 1.76776695e-01f, 1.76776695e-01f, -1.76776695e-01f, -1.76776695e-01f, 1.76776695e-01f,
    -1.76776695e-01f, 1.76776695e-01f, 1.76776695e-01f, 1.76776695e-01f, 1.76776695e-01f, -1.76776695e-01f, -1.76776695e-01f, -1.76776695e-01f, 1.76776695e-01f, -1.76776695e-01f, -1.76776695e-01f, -1.76776695e-01f, -1.76776695e-01f, -1.76776695e-01f, -1.76776695e-01f, 1.76776695e-01f, 1.76776695e-01f, 1.76776695e-01f, -1.76776695e-01f, 1.76776695e-01f, -1.76776695e-01f, 1.76776695e-01f, 1.76776695e-01f, 1.76776695e-01f, -1.76776695e-01f, -1.76776695e-01f, 1.76776695e-01f, 1.76776695e-01f, 1.76776695e-01f, 1.76776695e-01f, 1.76776695e-01f, 1.76776695e-01f,
    1.76776695e-01f, 1.76776695e-01f, -1.76776695e-01f, 1.76776695e-01f, -1.76776695e-01f, -1.76776695e-01f, 1.76776695e-01f, -1.76776695e-01f, -1.76776695e-01f, -1.76776695e-01f, 1.76776695e-01f, -1.76776695e-01f, 1.76776695e-01f, -1.76776695e-01f, 1.76776695e-01f, 1.76776695e-01f, -1.76776695e-01f, 1.76776695e-01f, 1.76776695e-01f, 1.76776695e-01f, 1.76776695e-01f, 1.76776695e-01f, -1.76776695e-01f, 1.76776695e-01f, 1.76776695e-01f, -1.76776695e-01f, -1.76776695e-01f, 1.76776695e-01f, -1.76776695e-01f, 1.76776695e-01f, -1.76776695e-01f, 1.76776695e-01f,
    -1.76776695e-01f, 1.76776695e-01f, -1.76776695e-01f, -1.76776695e-01f, -1.76776695e-01f, 1.76776695e-01f, -1.76776695e-01f, -1.76776695e-01f, -1.76776695e-01f, 1.76776695e-01f, -1.76776695e-01f, -1.76776695e-01f, -1.76776695e-01f, -1.76776695e-01f, 1.76776695e-01f, -1.76776695e-01f, -1.76776695e-01f, -1.76776695e-01f, -1.76776695e-01f, 1.76776695e-01f, -1.76776695e-01f, 1.76776695e-01f, -1.76776695e-01f, -1.76776695e-01f, -1.76776695e-01f, -1.76776695e-01f, -1.76776695e-01f, -1.76776695e-01f, -1.76776695e-01f, -1.76776695e-01f, 1.76776695e-01f, 1.76776695e-01f,
    -1.76776695e-01f, -1.76776695e-01f, -1.76776695e-01f, 1.76776695e-01f, -1.76776695e-01f, -1.76776695e-01f, -1.76776695e-01f, 1.76776695e-01f, -1.76776695e-01f, -1.76776695e-01f, -1.76776695e-01f, 1.76776695e-01f, -1.76776695e-01f, 1.76776695e-01f, 1.76776695e-01f, 1.76776695e-01f, -1.76776695e-01f, 1.76776695e-01f, -1.76776695e-01f, -1.76776695e-01f, -1.76776695e-01f, -1.76776695e-01f, -1.76776695e-01f, 1.76776695e-01f, -1.76776695e-01f, 1.76776695e-01f, -1.76776695e-01f, 1.76776695e-01f, -1.76776695e-01f, 1.76776695e-01f, 1.76776695e-01f, -1.76776695e-01f,
    1.76776695e-01f, -1.76776695e-01f, -1.76776695e-01f, -1.76776695e-01f, 1.76776695e-01f, -1.76776695e-01f, -1.76776695e-01f, -1.76776695e-01f, 1.76776695e-01f, -1.76776695e-01f, -1.76776695e-01f, -1.76776695e-01f, 1.76776695e-01f, 1.76776695e-01f, 1.76776695e-01f, -1.76776695e-01f, 1.76776695e-01f, 1.76776695e-01f, -1.76776695e-01f, 1.76776695e-01f, 1.76776695e-01f, -1.76776695e-01f, -1.76776695e-01f, -1.76776695e-01f, 1.76776695e-01f, 1.76776695e-01f, -1.76776695e-01f, -1.76776695e-01f, 1.76776695e-01f, 1.76776695e-01f, 1.76776695e-01f, 1.76776695e-01f,
    -1.76776695e-01f, -1.76776695e-01f, 1.76776695e-01f, -1.76776695e-01f, -1.76776695e-01f, -1.76776695e-01f, 1.76776695e-01f, -1.76776695e-01f, -1.76776695e-01f, -1.76776695e-01f, 1.76776695e-01f, -1.76776695e-01f, -1.76776695e-01f, 1.76776695e-01f, -1.76776695e-01f, -1.76776695e-01f, -1.76776695e-01f, 1.76776695e-01f, 1.76776695e-01f, 1.76776695e-01f, -1.76776695e-01f, -1.76776695e-01f, 1.76776695e-01f, -1.76776695e-01f, -1.76776695e-01f, 1.76776695e-01f, 1.76776695e-01f, -1.76776695e-01f, -1.76776695e-01f, 1.76776695e-01f, -1.76776695e-01f, 1.76776695e-01f,
    1.76776695e-01f, -1.76776695e-01f, 1.76776695e-01f, 1.76776695e-01f, -1.76776695e-01f, 1.76776695e-01f, -1.76776695e-01f, -1.76776695e-01f, 1.76776695e-01f, -1.76776695e-01f, 1.76776695e-01f, 1.76776695e-01f, -1.76776695e-01f, -1.76776695e-01f, 1.76776695e-01f, -1.76776695e-01f, 1.76776695e-01f, 1.76776695e-01f, 1.76776695e-01f, -1.76776695e-01f, -1.76776695e-01f, 1.76776695e-01f, -1.76776695e-01f, -1.76776695e-01f, 1.76776695e-01f, 1.76776695e-01f, 1.76776695e-01f, 1.76776695e-01f, -1.76776695e-01f, -1.76776695e-01f, 1.76776695e-01f, 1.76776695e-01f,
    -1.76776695e-01f, -1.76776695e-01f, -1.76776695e-01f, 1.76776695e-01f, 1.76776695e-01f, 1.76776695e-01f, 1.76776695e-01f, -1.76776695e-01f, -1.76776695e-01f, -1.76776695e-01f, -1.76776695e-01f, 1.76776695e-01f, 1.76776695e-01f, -1.76776695e-01f, -1.76776695e-01f, -1.76776695e-01f, -1.76776695e-01f, 1.76776695e-01f, -1.76776695e-01f, -1.76776695e-01f, 1.76776695e-01f, 1.76776695e-01f, 1.76776695e-01f, -1.76776695e-01f, -1.76776695e-01f, 1.76776695e-01f, -1.76776695e-01f, 1.76776695e-01f, 1.76776695e-01f, -1.76776695e-01f, -1.76776695e-01f, 1.76776695e-01f,
    1.76776695e-01f, -1.76776695e-01f, -1.76776695e-01f, -1.76776695e-01f, -1.76776695e-01f, 1.76776695e-01f, 1.76776695e-01f, 1.76776695e-01f, 1.76776695e-01f, -1.76776695e-01f, -1.76776695e-01f, -1.76776695e-01f, -1.76776695e-01f, -1.76776695e-01f, -1.76776695e-01f, 1.76776695e-01f, 1.76776695e-01f, 1.76776695e-01f, -1.76776695e-01f, 1.76776695e-01f, -1.76776695e-01f, 1.76776695e-01f, 1.76776695e-01f, 1.76776695e-01f, 1.76776695e-01f, 1.76776695e-01f, -1.76776695e-01f, -1.76776695e-01f, -1.76776695e-01f, -1.76776695e-01f, -1.76776695e-01f, -1.76776695e-01f,
    -1.76776695e-01f, -1.76776695e-01f, 1.76776695e-01f, -1.76776695e-01f, 1.76776695e-01f, 1.76776695e-01f, -1.76776695e-01f, 1.76776695e-01f, -1.76776695e-01f, -1.76776695e-01f, 1.76776695e-01f, -1.76776695e-01f, 1.76776695e-01f, -1.76776695e-01f, 1.76776695e-01f, 1.76776695e-01f, -1.76776695e-01f, 1.76776695e-01f, 1.76776695e-01f, 1.76776695e-01f, 1.76776695e-01f, 1.76776695e-01f, -1.76776695e-01f, 1.76776695e-01f, -1.76776695e-01f, 1.76776695e-01f, 1.76776695e-01f, -1.76776695e-01f, 1.76776695e-01f, -1.76776695e-01f, 1.76776695e-01f, -1.76776695e-01f,
    -1.76776695e-01f, 1.76776695e-01f, -1.76776695e-01f, -1.76776695e-01f, -1.76776695e-01f, 1.76776695e-01f, -1.76776695e-01f, -1.76776695e-01f, 1.76776695e-01f, -1.76776695e-01f, 1.76776695e-01f, 1.76776695e-01f, 1.76776695e-01f, 1.76776695e-01f, -1.76776695e-01f, 1.76776695e-01f, -1.76776695e-01f, -1.76776695e-01f, -1.76776695e-01f, 1.76776695e-01f, -1.76776695e-01f, 1.76776695e-01f, -1.76776695e-01f, -1.76776695e-01f, 1.76776695e-01f, 1.76776695e-01f, 1.76776695e-01f, 1.76776695e-01f, 1.76776695e-01f, 1.76776695e-01f, -1.76776695e-01f, -1.76776695e-01f,
    1.76776695e-01f, 1.76776695e-01f, 1.76776695e-01f, -1.76776695e-01f, 1.76776695e-01f, 1.76776695e-01f, 1.76776695e-01f, -1.76776695e-01f, -1.76776695e-01f, -1.76776695e-01f, -1.76776695e-01f, 1.76776695e-01f, -1.76776695e-01f, 1.76776695e-01f, 1.76776695e-01f, 1.76776695e-01f, 1.76776695e-01f, -1.76776695e-01f, 1.76776695e-01f, 1.76776695e-01f, 1.76776695e-01f, 1.76776695e-01f, 1.76776695e-01f, -1.76776695e-01f, -1.76776695e-01f, 1.76776695e-01f, -1.76776695e-01f, 1.76776695e-01f, -1.76776695e-01f, 1.76776695e-01f, 1.76776695e-01f, -1.76776695e-01f,
    1.76776695e-01f, -1.76776695e-01f, -1.76776695e-01f, -1.76776695e-01f, 1.76776695e-01f, -1.76776695e-01f, -1.76776695e-01f, -1.76776695e-01f, -1.76776695e-01f, 1.76776695e-01f, 1.76776695e-01f, 1.76776695e-01f, -1.76776695e-01f, -1.76776695e-01f, -1.76776695e-01f, 1.76776695e-01f, 1.76776695e-01f, 1.76776695e-01f, -1.76776695e-01f, 1.76776695e-01f, 1.76776695e-01f, -1.76776695e-01f, -1.76776695e-01f, -1.76776695e-01f, -1.76776695e-01f, -1.76776695e-01f, 1.76776695e-01f, 1.76776695e-01f, -1.76776695e-01f, -1.76776695e-01f, -1.76776695e-01f, -1.76776695e-01f,
    1.76776695e-01f, 1.76776695e-01f, -1.76776695e-01f, 1.76776695e-01f, 1.76776695e-01f, 1.76776695e-01f, -1.76776695e-01f, 1.76776695e-01f, -1.76776695e-01f, -1.76776695e-01f, 1.76776695e-01f, -1.76776695e-01f, -1.76776695e-01f, 1.76776695e-01f, -1.76776695e-01f, -1.76776695e-01f, 1.76776695e-01f, -1.76776695e-01f, -1.76776695e-01f, -1.76776695e-01f, 1.76776695e-01f, 1.76776695e-01f, -1.76776695e-01f, 1.76776695e-01f, -1.76776695e-01f, 1.76776695e-01f, 1.76776695e-01f, -1.76776695e-01f, -1.76776695e-01f, 1.76776695e-01f, -1.76776695e-01f, 1.76776695e-01f,
    1.76776695e-01f, -1.76776695e-01f, 1.76776695e-01f, 1.76776695e-01f, -1.76776695e-01f, 1.76776695e-01f, -1.76776695e-01f, -1.76776695e-01f, -1.76776695e-01f, 1.76776695e-01f, -1.76776695e-01f, -1.76776695e-01f, 1.76776695e-01f, 1.76776695e-01f, -1.76776695e-01f, 1.76776695e-01f, 1.76776695e-01f, 1.76776695e-01f, 1.76776695e-01f, -1.76776695e-01f, -1.76776695e-01f, 1.76776695e-01f, -1.76776695e-01f, -1.76776695e-01f, -1.76776695e-01f, -1.76776695e-01f, -1.76776695e-01f, -1.76776695e-01f, 1.76776695e-01f, 1.76776695e-01f, -1.76776695e-01f, -1.76776695e-01f,
    1.76776695e-01f, 1.76776695e-01f, 1.76776695e-01f, -1.76776695e-01f, -1.76776695e-01f, -1.76776695e-01f, -1.76776695e-01f, 1.76776695e-01f, -1.76776695e-01f, -1.76776695e-01f, -1.76776695e-01f, 1.76776695e-01f, 1.76776695e-01f, -1.76776695e-01f, -1.76776695e-01f, -1.76776695e-01f, 1.76776695e-01f, -1.76776695e-01f, 1.76776695e-01f, 1.76776695e-01f, -1.76776695e-01f, -1.76776695e-01f, -1.76776695e-01f, 1.76776695e-01f, -1.76776695e-01f, 1.76776695e-01f, -1.76776695e-01f, 1.76776695e-01f, 1.76776695e-01f, -1.76776695e-01f, -1.76776695e-01f, 1.76776695e-01f,
    1.76776695e-01f, -1.76776695e-01f, -1.76776695e-01f, -1.76776695e-01f, -1.76776695e-01f, 1.76776695e-01f, 1.76776695e-01f, 1.76776695e-01f, -1.76776695e-01f, 1.76776695e-01f, 1.76776695e-01f, 1.76776695e-01f, 1.76776695e-01f, 1.76776695e-01f, 1.76776695e-01f, -1.76776695e-01f, 1.76776695e-01f, 1.76776695e-01f, -1.76776695e-01f, 1.76776695e-01f, -1.76776695e-01f, 1.76776695e-01f, 1.76776695e-01f, 1.76776695e-01f, -1.76776695e-01f, -1.76776695e-01f, 1.76776695e-01f, 1.76776695e-01f, 1.76776695e-01f, 1.76776695e-01f, 1.76776695e-01f, 1.76776695e-01f,
    1.76776695e-01f, 1.76776695e-01f, -1.76776695e-01f, 1.76776695e-01f, -1.76776695e-01f, -1.76776695e-01f, 1.76776695e-01f, -1.76776695e-01f, -1.76776695e-01f, -1.76776695e-01f, 1.76776695e-01f, -1.76776695e-01f, 1.76776695e-01f, -1.76776695e-01f, 1.76776695e-01f, 1.76776695e-01f, 1.76776695e-01f, -1.76776695e-01f, -1.76776695e-01f, -1.76776695e-01f, -1.76776695e-01f, -1.76776695e-01f, 1.76776695e-01f, -1.76776695e-01f, -1.76776695e-01f, 1.76776695e-01f, 1.76776695e-01f, -1.76776695e-01f, 1.76776695e-01f, -1.76776695e-01f, 1.76776695e-01f, -1.76776695e-01f
};

static const float TURBO_ROTATION_RT_32[1024] = {
    -1.76776695e-01f, -1.76776695e-01f, -1.76776695e-01f, 1.76776695e-01f, -1.76776695e-01f, 1.76776695e-01f, 1.76776695e-01f, 1.76776695e-01f, 1.76776695e-01f, 1.76776695e-01f, -1.76776695e-01f, -1.76776695e-01f, -1.76776695e-01f, -1.76776695e-01f, -1.76776695e-01f, 1.76776695e-01f, -1.76776695e-01f, -1.76776695e-01f, 1.76776695e-01f, -1.76776695e-01f, 1.76776695e-01f, -1.76776695e-01f, 1.76776695e-01f, -1.76776695e-01f, -1.76776695e-01f, 1.76776695e-01f, 1.76776695e-01f, 1.76776695e-01f, 1.76776695e-01f, 1.76776695e-01f, 1.76776695e-01f, 1.76776695e-01f,
    1.76776695e-01f, -1.76776695e-01f, 1.76776695e-01f, 1.76776695e-01f, 1.76776695e-01f, 1.76776695e-01f, -1.76776695e-01f, 1.76776695e-01f, -1.76776695e-01f, 1.76776695e-01f, 1.76776695e-01f, -1.76776695e-01f, 1.76776695e-01f, -1.76776695e-01f, 1.76776695e-01f, 1.76776695e-01f, 1.76776695e-01f, -1.76776695e-01f, -1.76776695e-01f, -1.76776695e-01f, -1.76776695e-01f, -1.76776695e-01f, -1.76776695e-01f, -1.76776695e-01f, 1.76776695e-01f, 1.76776695e-01f, -1.76776695e-01f, 1.76776695e-01f, -1.76776695e-01f, 1.76776695e-01f, -1.76776695e-01f, 1.76776695e-01f,
    -1.76776695e-01f, -1.76776695e-01f, 1.76776695e-01f, -1.76776695e-01f, -1.76776695e-01f, 1.76776695e-01f, -1.76776695e-01f, -1.76776695e-01f, 1.76776695e-01f, 1.76776695e-01f, 1.76776695e-01f, 1.76776695e-01f, -1.76776695e-01f, -1.76776695e-01f, 1.76776695e-01f, -1.76776695e-01f, -1.76776695e-01f, -1.76776695e-01f, -1.76776695e-01f, 1.76776695e-01f, 1.76776695e-01f, -1.76776695e-01f, -1.76776695e-01f, 1.76776695e-01f, -1.76776695e-01f, 1.76776695e-01f, -1.76776695e-01f, -1.76776695e-01f, 1.76776695e-01f, 1.76776695e-01f, -1.76776695e-01f, -1.76776695e-01f,
    -1.76776695e-01f, 1.76776695e-01f, 1.76776695e-01f, 1.76776695e-01f, -1.76776695e-01f, -1.76776695e-01f, -1.76776695e-01f, 1.76776695e-01f, 1.76776695e-01f, -1.76776695e-01f, 1.76776695e-01f, -1.76776695e-01f, -1.76776695e-01f, 1.76776695e-01f, 1.76776695e-01f, 1.76776695e-01f, -1.76776695e-01f, 1.76776695e-01f, -1.76776695e-01f, -1.76776695e-01f, 1.76776695e-01f, 1.76776695e-01f, -1.76776695e-01f, -1.76776695e-01f, -1.76776695e-01f, -1.76776695e-01f, -1.76776695e-01f, 1.76776695e-01f, 1.76776695e-01f, -1.76776695e-01f, -1.76776695e-01f, 1.76776695e-01f,
    -1.76776695e-01f, -1.76776695e-01f, -1.76776695e-01f, 1.76776695e-01f, 1.76776695e-01f, -1.76776695e-01f, -1.76776695e-01f, -1.76776695e-01f, 1.76776695e-01f, 1.76776695e-01f, -1.76776695e-01f, -1.76776695e-01f, 1.76776695e-01f, 1.76776695e-01f, 1.76776695e-01f, -1.76776695e-01f, -1.76776695e-01f, -1.76776695e-01f, 1.76776695e-01f, -1.76776695e-01f, -1.76776695e-01f, 1.76776695e-01f, -1.76776695e-01f, 1.76776695e-01f, -1.76776695e-01f, 1.76776695e-01f, 1.76776695e-01f, 1.76776695e-01f, -1.76776695e-01f, -1.76776695e-01f, -1.76776695e-01f, -1.76776695e-01f,
    1.76776695e-01f, -1.76776695e-01f, 1.76776695e-01f, 1.76776695e-01f, -1.76776695e-01f, -1.76776695e-01f, 1.76776695e-01f, -1.76776695e-01f, -1.76776695e-01f, 1.76776695e-01f, 1.76776695e-01f, -1.76776695e-01f, -1.76776695e-01f, 1.76776695e-01f, -1.76776695e-01f, -1.76776695e-01f, 1.76776695e-01f, -1.76776695e-01f, -1.76776695e-01f, -1.76776695e-01f, 1.76776695e-01f, 1.76776695e-01f, 1.76776695e-01f, 1.76776695e-01f, 1.76776695e-01f, 1.76776695e-01f, -1.76776695e-01f, 1.76776695e-01f, 1.76776695e-01f, -1.76776695e-01f, 1.76776695e-01f, -1.76776695e-01f,
    -1.76776695e-01f, -1.76776695e-01f, 1.76776695e-01f, -1.76776695e-01f, 1.76776695e-01f, -1.76776695e-01f, 1.76776695e-01f, 1.76776695e-01f, 1.76776695e-01f, 1.76776695e-01f, 1.76776695e-01f, 1.76776695e-01f, 1.76776695e-01f, 1.76776695e-01f, -1.76776695e-01f, 1.76776695e-01f, -1.76776695e-01f, -1.76776695e-01f, -1.76776695e-01f, 1.76776695e-01f, -1.76776695e-01f, 1.76776695e-01f, 1.76776695e-01f, -1.76776695e-01f, -1.76776695e-01f, 1.76776695e-01f, -1.76776695e-01f, -1.76776695e-01f, -1.76776695e-01f, -1.76776695e-01f, 1.76776695e-01f, 1.76776695e-01f,
    -1.76776695e-01f, 1.76776695e-01f, 1.76776695e-01f, 1.76776695e-01f, 1.76776695e-01f, 1.76776695e-01f, 1.76776695e-01f, -1.76776695e-01f, 1.76776695e-01f, -1.76776695e-01f, 1.76776695e-01f, -1.76776695e-01f, 1.76776695e-01f, -1.76776695e-01f, -1.76776695e-01f, -1.76776695e-01f, -1.76776695e-01f, 1.76776695e-01f, -1.76776695e-01f, -1.76776695e-01f, -1.76776695e-01f, -1.76776695e-01f, 1.76776695e-01f, 1.76776695e-01f, -1.76776695e-01f, -1.76776695e-01f, -1.76776695e-01f, 1.76776695e-01f, -1.76776695e-01f, 1.76776695e-01f, 1.76776695e-01f, -1.76776695e-01f,
    -1.76776695e-01f, -1.76776695e-01f, -1.76776695e-01f, 1.76776695e-01f, -1.76776695e-01f, 1.76776695e-01f, 1.76776695e-01f, 1.76776695e-01f, -1.76776695e-01f, -1.76776695e-01f, 1.76776695e-01f, 1.76776695e-01f, 1.76776695e-01f, 1.76776695e-01f, 1.76776695e-01f, -1.76776695e-01f, -1.76776695e-01f, -1.76776695e-01f, 1.76776695e-01f, -1.76776695e-01f, 1.76776695e-01f, -1.76776695e-01f, 1.76776695e-01f, -1.76776695e-01f, 1.76776695e-01f, -1.76776695e-01f, -1.76776695e-01f, -1.76776695e-01f, -1.76776695e-01f, -1.76776695e-01f, -1.76776695e-01f, -1.76776695e-01f,
    1.76776695e-01f, -1.76776695e-01f, 1.76776695e-01f, 1.76776695e-01f, 1.76776695e-01f, 1.76776695e-01f, -1.76776695e-01f, 1.76776695e-01f, 1.76776695e-01f, -1.76776695e-01f, -1.76776695e-01f, 1.76776695e-01f, -1.76776695e-01f, 1.76776695e-01f, -1.76776695e-01f, -1.76776695e-01f, 1.76776695e-01f, -1.76776695e-01f, -1.76776695e-01f, -1.76776695e-01f, -1.76776695e-01f, -1.76776695e-01f, -1.76776695e-01f, -1.76776695e-01f, -1.76776695e-01f, -1.76776695e-01f, 1.76776695e-01f, -1.76776695e-01f, 1.76776695e-01f, -1.76776695e-01f, 1.76776695e-01f, -1.76776695e-01f,
    -1.76776695e-01f, -1.76776695e-01f, 1.76776695e-01f, -1.76776695e-01f, -1.76776695e-01f, 1.76776695e-01f, -1.76776695e-01f, -1.76776695e-01f, -1.76776695e-01f, -1.76776695e-01f, -1.76776695e-01f, -1.76776695e-01f, 1.76776695e-01f, 1.76776695e-01f, -1.76776695e-01f, 1.76776695e-01f, -1.76776695e-01f, -1.76776695e-01f, -1.76776695e-01f, 1.76776695e-01f, 1.76776695e-01f, -1.76776695e-01f, -1.76776695e-01f, 1.76776695e-01f, 1.76776695e-01f, -1.76776695e-01f, 1.76776695e-01f, 1.76776695e-01f, -1.76776695e-01f, -1.76776695e-01f, 1.76776695e-01f, 1.76776695e-01f,
    -1.76776695e-01f, 1.76776695e-01f, 1.76776695e-01f, 1.76776695e-01f, -1.76776695e-01f, -1.76776695e-01f, -1.76776695e-01f, 1.76776695e-01f, -1.76776695e-01f, 1.76776695e-01f, -1.76776695e-01f, 1.76776695e-01f, 1.76776695e-01f, -1.76776695e-01f, -1.76776695e-01f, -1.76776695e-01f, -1.76776695e-01f, 1.76776695e-01f, -1.76776695e-01f, -1.76776695e-01f, 1.76776695e-01f, 1.76776695e-01f, -1.76776695e-01f, -1.76776695e-01f, 1.76776695e-01f, 1.76776695e-01f, 1.76776695e-01f, -1.76776695e-01f, -1.76776695e-01f, 1.76776695e-01f, 1.76776695e-01f, -1.76776695e-01f,
    -1.76776695e-01f, -1.76776695e-01f, -1.76776695e-01f, 1.76776695e-01f, 1.76776695e-01f, -1.76776695e-01f, -1.76776695e-01f, -1.76776695e-01f, -1.76776695e-01f, -1.76776695e-01f, 1.76776695e-01f, 1.76776695e-01f, -1.76776695e-01f, -1.76776695e-01f, -1.76776695e-01f, 1.76776695e-01f, -1.76776695e-01f, -1.76776695e-01f, 1.76776695e-01f, -1.76776695e-01f, -1.76776695e-01f, 1.76776695e-01f, -1.76776695e-01f, 1.76776695e-01f, 1.76776695e-01f, -1.76776695e-01f, -1.76776695e-01f, -1.76776695e-01f, 1.76776695e-01f, 1.76776695e-01f, 1.76776695e-01f, 1.76776695e-01f,
    -1.76776695e-01f, 1.76776695e-01f, -1.76776695e-01f, -1.76776695e-01f, 1.76776695e-01f, 1.76776695e-01f, -1.76776695e-01f, 1.76776695e-01f, -1.76776695e-01f, 1.76776695e-01f, 1.76776695e-01f, -1.76776695e-01f, -1.76776695e-01f, 1.76776695e-01f, -1.76776695e-01f, -1.76776695e-01f, -1.76776695e-01f, 1.76776695e-01f, 1.76776695e-01f, 1.76776695e-01f, -1.76776695e-01f, -1.76776695e-01f, -1.76776695e-01f, -1.76776695e-01f, 1.76776695e-01f, 1.76776695e-01f, -1.76776695e-01f, 1.76776695e-01f, 1.76776695e-01f, -1.76776695e-01f, 1.76776695e-01f, -1.76776695e-01f,
    1.76776695e-01f, 1.76776695e-01f, -1.76776695e-01f, 1.76776695e-01f, -1.76776695e-01f, 1.76776695e-01f, -1.76776695e-01f, -1.76776695e-01f, 1.76776695e-01f, 1.76776695e-01f, 1.76776695e-01f, 1.76776695e-01f, 1.76776695e-01f, 1.76776695e-01f, -1.76776695e-01f, 1.76776695e-01f, 1.76776695e-01f, 1.76776695e-01f, 1.76776695e-01f, -1.76776695e-01f, 1.76776695e-01f, -1.76776695e-01f, -1.76776695e-01f, 1.76776695e-01f, -1.76776695e-01f, 1.76776695e-01f, -1.76776695e-01f, -1.76776695e-01f, -1.76776695e-01f, -1.76776695e-01f, 1.76776695e-01f, 1.76776695e-01f,
    -1.76776695e-01f, 1.76776695e-01f, 1.76776695e-01f, 1.76776695e-01f, 1.76776695e-01f, 1.76776695e-01f, 1.76776695e-01f, -1.76776695e-01f, -1.76776695e-01f, 1.76776695e-01f, -1.76776695e-01f, 1.76776695e-01f, -1.76776695e-01f, 1.76776695e-01f, 1.76776695e-01f, 1.76776695e-01f, -1.76776695e-01f, 1.76776695e-01f, -1.76776695e-01f, -1.76776695e-01f, -1.76776695e-01f, -1.76776695e-01f, 1.76776695e-01f, 1.76776695e-01f, 1.76776695e-01f, 1.76776695e-01f, 1.76776695e-01f, -1.76776695e-01f, 1.76776695e-01f, -1.76776695e-01f, -1.76776695e-01f, 1.76776695e-01f,
    1.76776695e-01f, 1.76776695e-01f, 1.76776695e-01f, -1.76776695e-01f, 1.76776695e-01f, -1.76776695e-01f, -1.76776695e-01f, -1.76776695e-01f, -1.76776695e-01f, -1.76776695e-01f, 1.76776695e-01f, 1.76776695e-01f, 1.76776695e-01f, 1.76776695e-01f, 1.76776695e-01f, -1.76776695e-01f, -1.76776695e-01f, -1.76776695e-01f, 1.76776695e-01f, -1.76776695e-01f, 1.76776695e-01f, -1.76776695e-01f, 1.76776695e-01f, -1.76776695e-01f, -1.76776695e-01f, 1.76776695e-01f, 1.76776695e-01f, 1.76776695e-01f, 1.76776695e-01f, 1.76776695e-01f, 1.76776695e-01f, 1.76776695e-01f,
    1.76776695e-01f, -1.76776695e-01f, 1.76776695e-01f, 1.76776695e-01f, 1.76776695e-01f, 1.76776695e-01f, -1.76776695e-01f, 1.76776695e-01f, -1.76776695e-01f, 1.76776695e-01f, 1.76776695e-01f, -1.76776695e-01f, 1.76776695e-01f, -1.76776695e-01f, 1.76776695e-01f, 1.76776695e-01f, -1.76776695e-01f, 1.76776695e-01f, 1.76776695e-01f, 1.76776695e-01f, 1.76776695e-01f, 1.76776695e-01f, 1.76776695e-01f, 1.76776695e-01f, -1.76776695e-01f, -1.76776695e-01f, 1.76776695e-01f, -1.76776695e-01f, 1.76776695e-01f, -1.76776695e-01f, 1.76776695e-01f, -1.76776695e-01f,
    1.76776695e-01f, 1.76776695e-01f, -1.76776695e-01f, 1.76776695e-01f, 1.76776695e-01f, -1.76776695e-01f, 1.76776695e-01f, 1.76776695e-01f, -1.76776695e-01f, -1.76776695e-01f, -1.76776695e-01f, -1.76776695e-01f, 1.76776695e-01f, 1.76776695e-01f, -1.76776695e-01f, 1.76776695e-01f, -1.76776695e-01f, -1.76776695e-01f, -1.76776695e-01f, 1.76776695e-01f, 1.76776695e-01f, -1.76776695e-01f, -1.76776695e-01f, 1.76776695e-01f, -1.76776695e-01f, 1.76776695e-01f, -1.76776695e-01f, -1.76776695e-01f, 1.76776695e-01f, 1.76776695e-01f, -1.76776695e-01f, -1.76776695e-01f,
    -1.76776695e-01f, 1.76776695e-01f, 1.76776695e-01f, 1.76776695e-01f, -1.76776695e-01f, -1.76776695e-01f, -1.76776695e-01f, 1.76776695e-01f, 1.76776695e-01f, -1.76776695e-01f, 1.76776695e-01f, -1.76776695e-01f, -1.76776695e-01f, 1.76776695e-01f, 1.76776695e-01f, 1.76776695e-01f, 1.76776695e-01f, -1.76776695e-01f, 1.76776695e-01f, 1.76776695e-01f, -1.76776695e-01f, -1.76776695e-01f, 1.76776695e-01f, 1.76776695e-01f, 1.76776695e-01f, 1.76776695e-01f, 1.76776695e-01f, -1.76776695e-01f, -1.76776695e-01f, 1.76776695e-01f, 1.76776695e-01f, -1.76776695e-01f,
    1.76776695e-01f, 1.76776695e-01f, 1.76776695e-01f, -1.76776695e-01f, -1.76776695e-01f, 1.76776695e-01f, 1.76776695e-01f, 1.76776695e-01f, -1.76776695e-01f, -1.76776695e-01f, 1.76776695e-01f, 1.76776695e-01f, -1.76776695e-01f, -1.76776695e-01f, -1.76776695e-01f, 1.76776695e-01f, -1.76776695e-01f, -1.76776695e-01f, 1.76776695e-01f, -1.76776695e-01f, -1.76776695e-01f, 1.76776695e-01f, -1.76776695e-01f, 1.76776695e-01f, -1.76776695e-01f, 1.76776695e-01f, 1.76776695e-01f, 1.76776695e-01f, -1.76776695e-01f, -1.76776695e-01f, -1.76776695e-01f, -1.76776695e-01f,
    -1.76776695e-01f, 1.76776695e-01f, -1.76776695e-01f, -1.76776695e-01f, 1.76776695e-01f, 1.76776695e-01f, -1.76776695e-01f, 1.76776695e-01f, 1.76776695e-01f, -1.76776695e-01f, -1.76776695e-01f, 1.76776695e-01f, 1.76776695e-01f, -1.76776695e-01f, 1.76776695e-01f, 1.76776695e-01f, 1.76776695e-01f, -1.76776695e-01f, -1.76776695e-01f, -1.76776695e-01f, 1.76776695e-01f, 1.76776695e-01f, 1.76776695e-01f, 1.76776695e-01f, 1.76776695e-01f, 1.76776695e-01f, -1.76776695e-01f, 1.76776695e-01f, 1.76776695e-01f, -1.76776695e-01f, 1.76776695e-01f, -1.76776695e-01f,
    1.76776695e-01f, 1.76776695e-01f, -1.76776695e-01f, 1.76776695e-01f, -1.76776695e-01f, 1.76776695e-01f, -1.76776695e-01f, -1.76776695e-01f, -1.76776695e-01f, -1.76776695e-01f, -1.76776695e-01f, -1.76776695e-01f, -1.76776695e-01f, -1.76776695e-01f, 1.76776695e-01f, -1.76776695e-01f, -1.76776695e-01f, -1.76776695e-01f, -1.76776695e-01f, 1.76776695e-01f, -1.76776695e-01f, 1.76776695e-01f, 1.76776695e-01f, -1.76776695e-01f, -1.76776695e-01f, 1.76776695e-01f, -1.76776695e-01f, -1.76776695e-01f, -1.76776695e-01f, -1.76776695e-01f, 1.76776695e-01f, 1.76776695e-01f,
    1.76776695e-01f, -1.76776695e-01f, -1.76776695e-01f, -1.76776695e-01f, -1.76776695e-01f, -1.76776695e-01f, -1.76776695e-01f, 1.76776695e-01f, -1.76776695e-01f, 1.76776695e-01f, -1.76776695e-01f, 1.76776695e-01f, -1.76776695e-01f, 1.76776695e-01f, 1.76776695e-01f, 1.76776695e-01f, -1.76776695e-01f, 1.76776695e-01f, -1.76776695e-01f, -1.76776695e-01f, -1.76776695e-01f, -1.76776695e-01f, 1.76776695e-01f, 1.76776695e-01f, -1.76776695e-01f, -1.76776695e-01f, -1.76776695e-01f, 1.76776695e-01f, -1.76776695e-01f, 1.76776695e-01f, 1.76776695e-01f, -1.76776695e-01f,
    1.76776695e-01f, 1.76776695e-01f, 1.76776695e-01f, -1.76776695e-01f, 1.76776695e-01f, -1.76776695e-01f, -1.76776695e-01f, -1.76776695e-01f, 1.76776695e-01f, 1.76776695e-01f, -1.76776695e-01f, -1.76776695e-01f, -1.76776695e-01f, -1.76776695e-01f, -1.76776695e-01f, 1.76776695e-01f, -1.76776695e-01f, -1.76776695e-01f, 1.76776695e-01f, -1.76776695e-01f, 1.76776695e-01f, -1.76776695e-01f, 1.76776695e-01f, -1.76776695e-01f, 1.76776695e-01f, -1.76776695e-01f, -1.76776695e-01f, -1.76776695e-01f, -1.76776695e-01f, -1.76776695e-01f, -1.76776695e-01f, -1.76776695e-01f,
    1.76776695e-01f, -1.76776695e-01f, 1.76776695e-01f, 1.76776695e-01f, 1.76776695e-01f, 1.76776695e-01f, -1.76776695e-01f, 1.76776695e-01f, 1.76776695e-01f, -1.76776695e-01f, -1.76776695e-01f, 1.76776695e-01f, -1.76776695e-01f, 1.76776695e-01f, -1.76776695e-01f, -1.76776695e-01f, -1.76776695e-01f, 1.76776695e-01f, 1.76776695e-01f, 1.76776695e-01f, 1.76776695e-01f, 1.76776695e-01f, 1.76776695e-01f, 1.76776695e-01f, 1.76776695e-01f, 1.76776695e-01f, -1.76776695e-01f, 1.76776695e-01f, -1.76776695e-01f, 1.76776695e-01f, -1.76776695e-01f, 1.76776695e-01f,
    1.76776695e-01f, 1.76776695e-01f, -1.76776695e-01f, 1.76776695e-01f, 1.76776695e-01f, -1.76776695e-01f, 1.76776695e-01f, 1.76776695e-01f, 1.76776695e-01f, 1.76776695e-01f, 1.76776695e-01f, 1.76776695e-01f, -1.76776695e-01f, -1.76776695e-01f, 1.76776695e-01f, -1.76776695e-01f, -1.76776695e-01f, -1.76776695e-01f, -1.76776695e-01f, 1.76776695e-01f, 1.76776695e-01f, -1.76776695e-01f, -1.76776695e-01f, 1.76776695e-01f, 1.76776695e-01f, -1.76776695e-01f, 1.76776695e-01f, 1.76776695e-01f, -1.76776695e-01f, -1.76776695e-01f, 1.76776695e-01f, 1.76776695e-01f,
    1.76776695e-01f, -1.76776695e-01f, -1.76776695e-01f, -1.76776695e-01f, 1.76776695e-01f, 1.76776695e-01f, 1.76776695e-01f, -1.76776695e-01f, 1.76776695e-01f, -1.76776695e-01f, 1.76776695e-01f, -1.76776695e-01f, -1.76776695e-01f, 1.76776695e-01f, 1.76776695e-01f, 1.76776695e-01f, -1.76776695e-01f, 1.76776695e-01f, -1.76776695e-01f, -1.76776695e-01f, 1.76776695e-01f, 1.76776695e-01f, -1.76776695e-01f, -1.76776695e-01f, 1.76776695e-01f, 1.76776695e-01f, 1.76776695e-01f, -1.76776695e-01f, -1.76776695e-01f, 1.76776695e-01f, 1.76776695e-01f, -1.76776695e-01f,
    1.76776695e-01f, 1.76776695e-01f, 1.76776695e-01f, -1.76776695e-01f, -1.76776695e-01f, 1.76776695e-01f, 1.76776695e-01f, 1.76776695e-01f, 1.76776695e-01f, 1.76776695e-01f, -1.76776695e-01f, -1.76776695e-01f, 1.76776695e-01f, 1.76776695e-01f, 1.76776695e-01f, -1.76776695e-01f, -1.76776695e-01f, -1.76776695e-01f, 1.76776695e-01f, -1.76776695e-01f, -1.76776695e-01f, 1.76776695e-01f, -1.76776695e-01f, 1.76776695e-01f, 1.76776695e-01f, -1.76776695e-01f, -1.76776695e-01f, -1.76776695e-01f, 1.76776695e-01f, 1.76776695e-01f, 1.76776695e-01f, 1.76776695e-01f,
    1.76776695e-01f, -1.76776695e-01f, 1.76776695e-01f, 1.76776695e-01f, -1.76776695e-01f, -1.76776695e-01f, 1.76776695e-01f, -1.76776695e-01f, 1.76776695e-01f, -1.76776695e-01f, -1.76776695e-01f, 1.76776695e-01f, 1.76776695e-01f, -1.76776695e-01f, 1.76776695e-01f, 1.76776695e-01f, -1.76776695e-01f, 1.76776695e-01f, 1.76776695e-01f, 1.76776695e-01f, -1.76776695e-01f, -1.76776695e-01f, -1.76776695e-01f, -1.76776695e-01f, 1.76776695e-01f, 1.76776695e-01f, -1.76776695e-01f, 1.76776695e-01f, 1.76776695e-01f, -1.76776695e-01f, 1.76776695e-01f, -1.76776695e-01f,
    -1.76776695e-01f, -1.76776695e-01f, 1.76776695e-01f, -1.76776695e-01f, 1.76776695e-01f, -1.76776695e-01f, 1.76776695e-01f, 1.76776695e-01f, -1.76776695e-01f, -1.76776695e-01f, -1.76776695e-01f, -1.76776695e-01f, -1.76776695e-01f, -1.76776695e-01f, 1.76776695e-01f, -1.76776695e-01f, 1.76776695e-01f, 1.76776695e-01f, 1.76776695e-01f, -1.76776695e-01f, 1.76776695e-01f, -1.76776695e-01f, -1.76776695e-01f, 1.76776695e-01f, -1.76776695e-01f, 1.76776695e-01f, -1.76776695e-01f, -1.76776695e-01f, -1.76776695e-01f, -1.76776695e-01f, 1.76776695e-01f, 1.76776695e-01f,
    -1.76776695e-01f, 1.76776695e-01f, 1.76776695e-01f, 1.76776695e-01f, 1.76776695e-01f, 1.76776695e-01f, 1.76776695e-01f, -1.76776695e-01f, -1.76776695e-01f, 1.76776695e-01f, -1.76776695e-01f, 1.76776695e-01f, -1.76776695e-01f, 1.76776695e-01f, 1.76776695e-01f, 1.76776695e-01f, 1.76776695e-01f, -1.76776695e-01f, 1.76776695e-01f, 1.76776695e-01f, 1.76776695e-01f, 1.76776695e-01f, -1.76776695e-01f, -1.76776695e-01f, -1.76776695e-01f, -1.76776695e-01f, -1.76776695e-01f, 1.76776695e-01f, -1.76776695e-01f, 1.76776695e-01f, 1.76776695e-01f, -1.76776695e-01f
};
